5 0.133796 0.427604 0.234259 0.187500
5 0.378704 0.438021 0.222222 0.189583
6 0.634722 0.448437 0.252778 0.168750
6 0.897222 0.437500 0.205556 0.188542
6 0.639815 0.320052 0.275926 0.069271
6 0.597222 0.115104 0.277778 0.196875
6 0.879630 0.116146 0.240741 0.201042
1 0.149074 0.686979 0.253704 0.178125
1 0.393981 0.688542 0.208333 0.188542
7 0.148148 0.933854 0.251852 0.132292
7 0.584722 0.938281 0.182407 0.123438
7 0.851389 0.944792 0.295370 0.110417
9 0.301389 0.119792 0.289815 0.170833
9 0.072685 0.121094 0.137963 0.173437
