5 0.141667 0.441667 0.235185 0.185417
5 0.383796 0.445052 0.215741 0.182812
6 0.635648 0.461979 0.237963 0.165625
6 0.897222 0.452865 0.205556 0.189062
6 0.650000 0.327604 0.275926 0.072917
6 0.610648 0.132031 0.284259 0.200521
6 0.885648 0.128125 0.228704 0.204167
1 0.159259 0.698698 0.257407 0.182812
1 0.406019 0.697396 0.212037 0.176042
7 0.163889 0.932031 0.250000 0.135937
7 0.596759 0.942969 0.197222 0.114062
7 0.852778 0.944531 0.294444 0.094271
9 0.318519 0.135937 0.296296 0.189583
9 0.082407 0.134115 0.148148 0.172396
