0 0.244444 0.319271 0.250000 0.168750
0 0.493056 0.318490 0.237963 0.168229
0 0.727778 0.310417 0.242593 0.151042
1 0.237037 0.604167 0.270370 0.177083
1 0.491667 0.584115 0.268519 0.173437
1 0.725000 0.569792 0.244444 0.167708
1 0.375463 0.801823 0.204630 0.174479
1 0.568981 0.792448 0.189815 0.171354
1 0.751852 0.779948 0.190741 0.168229
1 0.193981 0.789323 0.193519 0.128646
0 0.197685 0.063802 0.278704 0.126562
0 0.467593 0.063021 0.261111 0.125000
0 0.721296 0.058854 0.261111 0.116667
0 0.060648 0.331250 0.119444 0.168750
1 0.059722 0.591667 0.117593 0.156250
