0 0.703704 0.075781 0.246296 0.150521
0 0.457870 0.083333 0.247222 0.156250
0 0.200926 0.081250 0.266667 0.156250
0 0.247222 0.351042 0.253704 0.159375
0 0.486574 0.351042 0.221296 0.153125
0 0.716204 0.342448 0.234259 0.135937
1 0.244444 0.625000 0.270370 0.169792
1 0.494907 0.609635 0.234259 0.160938
1 0.726389 0.590625 0.239815 0.154167
1 0.183333 0.812240 0.200000 0.144271
1 0.380556 0.819271 0.190741 0.160417
1 0.570370 0.811458 0.181481 0.160417
1 0.750000 0.797917 0.166667 0.162500
0 0.068056 0.355729 0.125000 0.168750
