1 0.749074 0.792969 0.175926 0.169271
0 0.187037 0.079167 0.264815 0.156250
0 0.454167 0.088281 0.262037 0.172396
0 0.715278 0.086719 0.250926 0.169271
0 0.070833 0.362760 0.134259 0.180729
0 0.255093 0.360417 0.241667 0.185417
0 0.491204 0.349740 0.226852 0.197396
0 0.721759 0.336719 0.230556 0.185938
1 0.242593 0.626823 0.270370 0.179688
1 0.493981 0.600260 0.250926 0.173437
1 0.727315 0.583594 0.245370 0.170313
1 0.186111 0.811458 0.187037 0.154167
1 0.377778 0.811458 0.185185 0.156250
1 0.572222 0.802604 0.174074 0.157292
1 0.071759 0.624479 0.132407 0.152083
