0 0.195370 0.080990 0.270370 0.160938
0 0.458796 0.081771 0.252778 0.157292
0 0.714815 0.075521 0.259259 0.148958
0 0.072685 0.355208 0.134259 0.169792
0 0.258796 0.344010 0.223148 0.147396
0 0.491204 0.344531 0.237963 0.166146
0 0.735648 0.332813 0.239815 0.165625
1 0.235185 0.625000 0.274074 0.167708
1 0.504167 0.599479 0.252778 0.163542
1 0.735648 0.582031 0.239815 0.179688
1 0.181019 0.798958 0.215741 0.154167
1 0.386111 0.813802 0.183333 0.175521
1 0.576852 0.802083 0.187037 0.196875
1 0.751852 0.785677 0.181481 0.178646
