0 0.251852 0.321094 0.250000 0.167187
0 0.493981 0.323437 0.237963 0.157292
0 0.730556 0.315365 0.229630 0.151562
1 0.239352 0.609115 0.262037 0.169271
1 0.493519 0.591667 0.257407 0.175000
1 0.725926 0.576823 0.244444 0.163021
1 0.378704 0.805990 0.201852 0.166146
1 0.570370 0.792188 0.177778 0.157292
1 0.748148 0.782292 0.181481 0.157292
1 0.181944 0.796094 0.184259 0.123438
0 0.193056 0.062240 0.273148 0.123438
0 0.459259 0.063542 0.262963 0.126042
0 0.716204 0.064844 0.256481 0.128646
1 0.058333 0.593229 0.114815 0.155208
0 0.064352 0.335938 0.126852 0.163542
