1 0.749537 0.784375 0.180556 0.179167
1 0.573148 0.800000 0.190741 0.158333
1 0.377778 0.813281 0.192593 0.164062
1 0.184259 0.805729 0.190741 0.155208
1 0.228704 0.608073 0.261111 0.172396
1 0.491204 0.591146 0.260185 0.171875
1 0.725463 0.579427 0.245370 0.186979
0 0.261574 0.347656 0.213889 0.178646
0 0.489352 0.340885 0.230556 0.175521
0 0.720833 0.332813 0.243519 0.178125
0 0.200926 0.082031 0.270370 0.163021
0 0.462037 0.080208 0.255556 0.158333
0 0.715278 0.084635 0.243519 0.163021
1 0.068056 0.613281 0.125000 0.170313
0 0.082870 0.355729 0.147222 0.168750
