1 0.709722 0.083854 0.217593 0.153125
1 0.707870 0.082812 0.217593 0.153125
1 0.706019 0.081771 0.217593 0.153125
1 0.468056 0.089844 0.243519 0.147396
1 0.198611 0.091667 0.245370 0.159375
1 0.258796 0.360938 0.237963 0.141667
1 0.490741 0.358073 0.205556 0.127604
1 0.732407 0.351302 0.205556 0.128646
0 0.501389 0.609115 0.234259 0.146354
0 0.731481 0.594792 0.211111 0.141667
0 0.378241 0.821615 0.176852 0.144271
0 0.569907 0.805208 0.167593 0.135417
0 0.754167 0.796615 0.204630 0.136979
0 0.193056 0.814323 0.154630 0.110937
0 0.254630 0.637240 0.255556 0.147396
