0 0.195370 0.082292 0.281481 0.162500
0 0.458796 0.089323 0.249074 0.172396
0 0.717130 0.076042 0.254630 0.150000
0 0.068056 0.353385 0.128704 0.183854
0 0.256944 0.351823 0.241667 0.184896
0 0.488426 0.345052 0.228704 0.194271
0 0.722685 0.333854 0.239815 0.185417
1 0.246296 0.621354 0.266667 0.175000
1 0.497685 0.598177 0.247222 0.177604
1 0.728241 0.583073 0.228704 0.179688
1 0.187963 0.802083 0.194444 0.147917
1 0.377778 0.817448 0.174074 0.176563
1 0.574074 0.808073 0.181481 0.174479
1 0.761111 0.798177 0.181481 0.180729
