0 0.187963 0.092448 0.270370 0.182812
0 0.448611 0.093490 0.254630 0.182812
0 0.706481 0.087240 0.257407 0.168229
0 0.069907 0.363021 0.132407 0.166667
0 0.254167 0.356250 0.239815 0.157292
0 0.491204 0.352604 0.226852 0.150000
0 0.716204 0.342708 0.223148 0.152083
1 0.237963 0.621354 0.272222 0.184375
1 0.497685 0.604948 0.239815 0.180729
1 0.727315 0.585156 0.234259 0.181771
1 0.068981 0.618750 0.126852 0.165625
1 0.180556 0.813281 0.194444 0.148438
1 0.379630 0.817969 0.196296 0.169271
1 0.575000 0.809375 0.175926 0.166667
1 0.750926 0.794531 0.175926 0.169271
