0 0.199074 0.080729 0.266667 0.153125
0 0.461574 0.082031 0.247222 0.163021
0 0.714352 0.083333 0.252778 0.165625
0 0.063426 0.354948 0.123148 0.176563
0 0.254167 0.354427 0.247222 0.181771
0 0.493056 0.347135 0.226852 0.173437
0 0.730093 0.335417 0.239815 0.162500
1 0.065278 0.620313 0.119444 0.170833
1 0.255093 0.626042 0.260185 0.193750
1 0.493056 0.605469 0.256481 0.192188
1 0.727315 0.590885 0.241667 0.189062
1 0.186111 0.811198 0.205556 0.144271
1 0.385185 0.817708 0.207407 0.210417
1 0.574074 0.814063 0.174074 0.206250
1 0.757407 0.800000 0.181481 0.170833
