0 0.249074 0.313021 0.255556 0.170833
0 0.488889 0.307292 0.238889 0.167708
0 0.730556 0.310417 0.248148 0.163542
1 0.235648 0.599740 0.278704 0.178646
1 0.492130 0.581771 0.271296 0.177083
1 0.729630 0.567708 0.250000 0.166667
1 0.375463 0.798438 0.204630 0.169792
1 0.568056 0.788542 0.189815 0.167708
1 0.748148 0.777344 0.183333 0.164062
1 0.191204 0.783594 0.178704 0.122396
0 0.193056 0.058333 0.275000 0.115625
0 0.453241 0.057813 0.276852 0.114583
0 0.726389 0.055729 0.256481 0.110417
0 0.059722 0.327344 0.117593 0.170313
1 0.053241 0.588281 0.104630 0.153646
