0 0.200926 0.085677 0.270370 0.169271
0 0.465741 0.080208 0.251852 0.156250
0 0.720833 0.078125 0.250926 0.154167
0 0.070833 0.353125 0.130556 0.200000
0 0.257870 0.342448 0.243519 0.193229
0 0.497685 0.342708 0.232407 0.201042
0 0.729167 0.319531 0.230556 0.183854
1 0.066204 0.605469 0.121296 0.169271
1 0.244444 0.613802 0.248148 0.188021
1 0.493056 0.598958 0.263889 0.198958
1 0.734259 0.581510 0.274074 0.189062
1 0.184259 0.804688 0.194444 0.165625
1 0.379630 0.810677 0.188889 0.179688
1 0.577778 0.805729 0.185185 0.173958
1 0.733796 0.787240 0.221296 0.163021
